Webots Project File version R2019b
perspectives: 000000ff00000000fd0000000300000000000003e0000003ccfc0100000002fb0000001a0052006f0062006f0074003a002000770061006c006b006500720000000000000003e00000000000000000fb0000001a0044006f00630075006d0065006e0074006100740069006f006e0000000000ffffffff0000006900ffffff00000001000001c1000001b3fc0200000001fb0000001400540065007800740045006400690074006f00720100000015000001b30000004100ffffff0000000300000781000001a9fc0100000001fb0000000e0043006f006e0073006f006c00650100000000000007810000006900ffffff000005be000001b300000001000000020000000100000008fc00000000
simulationViewPerspectives: 000000ff0000000100000002000001ed000003c60100000002010000000100
sceneTreePerspectives: 000000ff00000001000000020000022a000000000100000002010000000200
minimizedPerspectives: 000000ff00000000fd000000030000000000000198000003b6fc0100000002fb0000001a0052006f0062006f0074003a002000770061006c006b006500720000000000000001060000000000000000fb0000001a0044006f00630075006d0065006e0074006100740069006f006e0100000000000001980000005400ffffff00000001000001df000002bcfc0200000001fb0000001400540065007800740045006400690074006f0072000000001a000002bc000000b100ffffff00000003000005e2000000f4fc0100000001fb0000000e0043006f006e0073006f006c0065010000019e000005e20000005700ffffff000005e2000002bc00000001000000020000000100000008fc00000000
maximizedDockId: -1
centralWidgetVisible: 1
selectionDisabled: 0
viewpointLocked: 0
orthographicViewHeight: 4.36599
textFiles: -1
renderingDevicePerspectives: walker:kinect color;1;0.2;0.00414079;0.017199
renderingDevicePerspectives: walker:kinect range;1;0.2;0.00414079;0.017199
